image: carto_map_3d_2.pgm
resolution: 0.050000
origin: [-1.850000, -15.850000, 0.000000]
negate: 0
occupied_thresh: 0.65
free_thresh: 0.196

